T P Z_v Z_l W


T=223.15000
 1.00000	52.75709 47.24291 0.94494 0.19043	
 2.00000	46.96027 53.03973 0.89210 0.34455	
 3.00000	41.77660 58.22340 0.83687 0.47701	
 4.00000	36.82009 63.17991 0.77806 0.59328	
 5.00000	32.10330 67.89670 0.71455 0.69792	
 6.00000	27.77349 72.22651 0.64522 0.79534	
 7.00000	24.05036 75.94964 0.57027 0.88998	
 8.00000	21.13271 78.86729 0.49886 0.98583	
 9.00000	18.91631 81.08369 0.45568 1.08382	
 10.00000	17.03347 82.96653 0.44420 1.18155	
 11.00000	15.28767 84.71233 0.44918 1.27758	
 12.00000	13.61361 86.38639 0.46178 1.37153	
 13.00000	11.98376 88.01624 0.47826 1.46333	
 14.00000	10.38317 89.61683 0.49692 1.55298	
 15.00000	8.80237 91.19763 0.51691 1.64053	
 16.00000	7.23486 92.76514 0.53773 1.72602	
 17.00000	5.67583 94.32417 0.55912 1.80953	
 18.00000	4.12157 95.87843 0.58089 1.89110	
 19.00000	2.56913 97.43087 0.60293 1.97079	
 20.00000	1.01609 98.98391 0.62516 2.04866	
 21.00000	0.00000 100.00000 -9999.00000 2.13349	
 22.00000	0.00000 100.00000 -9999.00000 2.23420	
 23.00000	0.00000 100.00000 -9999.00000 2.33484	
 24.00000	0.00000 100.00000 -9999.00000 2.43542	
 25.00000	0.00000 100.00000 -9999.00000 2.53593	
 26.00000	0.00000 100.00000 -9999.00000 2.63638	
 27.00000	0.00000 100.00000 -9999.00000 2.73676	
 28.00000	0.00000 100.00000 -9999.00000 2.83709	
 29.00000	0.00000 100.00000 -9999.00000 2.93735	
 30.00000	0.00000 100.00000 -9999.00000 3.03756	
 31.00000	0.00000 100.00000 -9999.00000 3.13771	
 32.00000	0.00000 100.00000 -9999.00000 3.23781	
 33.00000	0.00000 100.00000 -9999.00000 3.33785	
 34.00000	0.00000 100.00000 -9999.00000 3.43783	
 35.00000	0.00000 100.00000 -9999.00000 3.53777	
 36.00000	0.00000 100.00000 -9999.00000 3.63765	
 37.00000	0.00000 100.00000 -9999.00000 3.73748	
 38.00000	0.00000 100.00000 -9999.00000 3.83726	
 39.00000	0.00000 100.00000 -9999.00000 3.93700	
 40.00000	0.00000 100.00000 -9999.00000 4.03668	
 41.00000	0.00000 100.00000 -9999.00000 4.13632	
 42.00000	0.00000 100.00000 -9999.00000 4.23591	
 43.00000	0.00000 100.00000 -9999.00000 4.33545	
 44.00000	0.00000 100.00000 -9999.00000 4.43495	
 45.00000	0.00000 100.00000 -9999.00000 4.53441	
 46.00000	0.00000 100.00000 -9999.00000 4.63383	
 47.00000	0.00000 100.00000 -9999.00000 4.73320	
 48.00000	0.00000 100.00000 -9999.00000 4.83253	
 49.00000	0.00000 100.00000 -9999.00000 4.93182	
 50.00000	0.00000 100.00000 -9999.00000 5.03107	
 51.00000	0.00000 100.00000 -9999.00000 5.13028	
 52.00000	0.00000 100.00000 -9999.00000 5.22945	
 53.00000	0.00000 100.00000 -9999.00000 5.32858	
 54.00000	0.00000 100.00000 -9999.00000 5.42768	
 55.00000	0.00000 100.00000 -9999.00000 5.52674	
 56.00000	0.00000 100.00000 -9999.00000 5.62576	
 57.00000	0.00000 100.00000 -9999.00000 5.72474	
 58.00000	0.00000 100.00000 -9999.00000 5.82370	
 59.00000	0.00000 100.00000 -9999.00000 5.92261	
 60.00000	0.00000 100.00000 -9999.00000 6.02150	


T=273.15000
 1.00000	59.38519 40.61481 0.96582 0.17893	
 2.00000	55.47925 44.52075 0.93634 0.33082	
 3.00000	52.29454 47.70546 0.90825 0.46767	
 4.00000	49.43792 50.56208 0.88099 0.59325	
 5.00000	46.77864 53.22136 0.85447 0.70978	
 6.00000	44.26249 55.73751 0.82876 0.81887	
 7.00000	41.86600 58.13400 0.80410 0.92181	
 8.00000	39.57945 60.42055 0.78082 1.01966	
 9.00000	37.39873 62.60127 0.75937 1.11332	
 10.00000	35.32069 64.67931 0.74027 1.20352	
 11.00000	33.34049 66.65951 0.72404 1.29081	
 12.00000	31.45030 68.54970 0.71112 1.37560	
 13.00000	29.63944 70.36056 0.70179 1.45816	
 14.00000	27.89555 72.10445 0.69611 1.53865	
 15.00000	26.20597 73.79403 0.69390 1.61717	
 16.00000	24.55905 75.44095 0.69484 1.69376	
 17.00000	22.94476 77.05524 0.69853 1.76847	
 18.00000	21.35479 78.64521 0.70456 1.84132	
 19.00000	19.78246 80.21754 0.71254 1.91236	
 20.00000	18.22236 81.77764 0.72213 1.98161	
 21.00000	16.67016 83.32984 0.73306 2.04912	
 22.00000	15.12227 84.87773 0.74508 2.11493	
 23.00000	13.57572 86.42428 0.75801 2.17908	
 24.00000	12.02798 87.97202 0.77170 2.24161	
 25.00000	10.47690 89.52310 0.78602 2.30255	
 26.00000	8.92056 91.07944 0.80088 2.36196	
 27.00000	7.35728 92.64272 0.81620 2.41987	
 28.00000	5.78553 94.21447 0.83191 2.47631	
 29.00000	4.20392 95.79608 0.84796 2.53133	
 30.00000	2.61114 97.38886 0.86431 2.58495	
 31.00000	1.00599 98.99401 0.88092 2.63721	
 32.00000	0.00000 100.00000 -9999.00000 2.70038	
 33.00000	0.00000 100.00000 -9999.00000 2.78329	
 34.00000	0.00000 100.00000 -9999.00000 2.86614	
 35.00000	0.00000 100.00000 -9999.00000 2.94892	
 36.00000	0.00000 100.00000 -9999.00000 3.03164	
 37.00000	0.00000 100.00000 -9999.00000 3.11430	
 38.00000	0.00000 100.00000 -9999.00000 3.19689	
 39.00000	0.00000 100.00000 -9999.00000 3.27943	
 40.00000	0.00000 100.00000 -9999.00000 3.36191	
 41.00000	0.00000 100.00000 -9999.00000 3.44433	
 42.00000	0.00000 100.00000 -9999.00000 3.52670	
 43.00000	0.00000 100.00000 -9999.00000 3.60901	
 44.00000	0.00000 100.00000 -9999.00000 3.69127	
 45.00000	0.00000 100.00000 -9999.00000 3.77348	
 46.00000	0.00000 100.00000 -9999.00000 3.85563	
 47.00000	0.00000 100.00000 -9999.00000 3.93774	
 48.00000	0.00000 100.00000 -9999.00000 4.01980	
 49.00000	0.00000 100.00000 -9999.00000 4.10180	
 50.00000	0.00000 100.00000 -9999.00000 4.18377	
 51.00000	0.00000 100.00000 -9999.00000 4.26568	
 52.00000	0.00000 100.00000 -9999.00000 4.34755	
 53.00000	0.00000 100.00000 -9999.00000 4.42938	
 54.00000	0.00000 100.00000 -9999.00000 4.51116	
 55.00000	0.00000 100.00000 -9999.00000 4.59290	
 56.00000	0.00000 100.00000 -9999.00000 4.67460	
 57.00000	0.00000 100.00000 -9999.00000 4.75625	
 58.00000	0.00000 100.00000 -9999.00000 4.83787	
 59.00000	0.00000 100.00000 -9999.00000 4.91944	
 60.00000	0.00000 100.00000 -9999.00000 5.00098	


T=323.15000
 1.00000	63.34065 36.65935 0.97761 0.16661	
 2.00000	60.39998 39.60002 0.95923 0.31230	
 3.00000	57.98466 42.01534 0.94257 0.44553	
 4.00000	55.82509 44.17491 0.92717 0.56927	
 5.00000	53.82046 46.17954 0.91284 0.68524	
 6.00000	51.92143 48.07857 0.89954 0.79459	
 7.00000	50.10025 49.89975 0.88725 0.89821	
 8.00000	48.33995 51.66005 0.87600 0.99677	
 9.00000	46.62933 53.37067 0.86586 1.09086	
 10.00000	44.96056 55.03944 0.85688 1.18093	
 11.00000	43.32779 56.67221 0.84911 1.26738	
 12.00000	41.72631 58.27369 0.84261 1.35054	
 13.00000	40.15211 59.84789 0.83743 1.43068	
 14.00000	38.60157 61.39843 0.83357 1.50806	
 15.00000	37.07131 62.92869 0.83105 1.58285	
 16.00000	35.55816 64.44184 0.82986 1.65524	
 17.00000	34.05907 65.94093 0.82996 1.72536	
 18.00000	32.57116 67.42884 0.83131 1.79333	
 19.00000	31.09170 68.90830 0.83383 1.85926	
 20.00000	29.61814 70.38186 0.83747 1.92323	
 21.00000	28.14810 71.85190 0.84215 1.98534	
 22.00000	26.67939 73.32061 0.84779 2.04564	
 23.00000	25.20996 74.79004 0.85431 2.10420	
 24.00000	23.73794 76.26206 0.86164 2.16109	
 25.00000	22.26158 77.73842 0.86971 2.21634	
 26.00000	20.77928 79.22072 0.87845 2.27003	
 27.00000	19.28954 80.71046 0.88780 2.32219	
 28.00000	17.79095 82.20905 0.89771 2.37286	
 29.00000	16.28218 83.71782 0.90813 2.42209	
 30.00000	14.76198 85.23802 0.91901 2.46991	
 31.00000	13.22916 86.77084 0.93030 2.51637	
 32.00000	11.68254 88.31746 0.94199 2.56150	
 33.00000	10.12103 89.87897 0.95402 2.60533	
 34.00000	8.54353 91.45647 0.96639 2.64790	
 35.00000	6.94897 93.05103 0.97905 2.68923	
 36.00000	5.33632 94.66368 0.99198 2.72936	
 37.00000	3.70451 96.29549 1.00518 2.76831	
 38.00000	2.05252 97.94748 1.01861 2.80611	
 39.00000	0.37930 99.62070 1.03227 2.84279	
 40.00000	0.00000 100.00000 -9999.00000 2.90564	
 41.00000	0.00000 100.00000 -9999.00000 2.97623	
 42.00000	0.00000 100.00000 -9999.00000 3.04675	
 43.00000	0.00000 100.00000 -9999.00000 3.11720	
 44.00000	0.00000 100.00000 -9999.00000 3.18759	
 45.00000	0.00000 100.00000 -9999.00000 3.25793	
 46.00000	0.00000 100.00000 -9999.00000 3.32820	
 47.00000	0.00000 100.00000 -9999.00000 3.39841	
 48.00000	0.00000 100.00000 -9999.00000 3.46857	
 49.00000	0.00000 100.00000 -9999.00000 3.53867	
 50.00000	0.00000 100.00000 -9999.00000 3.60872	
 51.00000	0.00000 100.00000 -9999.00000 3.67872	
 52.00000	0.00000 100.00000 -9999.00000 3.74866	
 53.00000	0.00000 100.00000 -9999.00000 3.81855	
 54.00000	0.00000 100.00000 -9999.00000 3.88839	
 55.00000	0.00000 100.00000 -9999.00000 3.95818	
 56.00000	0.00000 100.00000 -9999.00000 4.02793	
 57.00000	0.00000 100.00000 -9999.00000 4.09763	
 58.00000	0.00000 100.00000 -9999.00000 4.16728	
 59.00000	0.00000 100.00000 -9999.00000 4.23689	
 60.00000	0.00000 100.00000 -9999.00000 4.30645	


T=373.15000
 1.00000	66.01191 33.98809 0.98469 0.15524	
 2.00000	63.57445 36.42555 0.97295 0.29338	
 3.00000	61.59283 38.40717 0.96266 0.42110	
 4.00000	59.81261 40.18739 0.95346 0.54055	
 5.00000	58.15036 41.84964 0.94520 0.65304	
 6.00000	56.56625 43.43375 0.93780 0.75949	
 7.00000	55.03762 44.96238 0.93120 0.86060	
 8.00000	53.55015 46.44985 0.92539 0.95691	
 9.00000	52.09408 47.90592 0.92034 1.04887	
 10.00000	50.66244 49.33756 0.91606 1.13685	
 11.00000	49.25000 50.75000 0.91253 1.22118	
 12.00000	47.85267 52.14733 0.90976 1.30213	
 13.00000	46.46714 53.53286 0.90774 1.37994	
 14.00000	45.09067 54.90933 0.90646 1.45481	
 15.00000	43.72088 56.27912 0.90591 1.52694	
 16.00000	42.35571 57.64429 0.90609 1.59647	
 17.00000	40.99326 59.00674 0.90698 1.66357	
 18.00000	39.63183 60.36817 0.90856 1.72835	
 19.00000	38.26985 61.73015 0.91081 1.79094	
 20.00000	36.90582 63.09418 0.91371 1.85143	
 21.00000	35.53835 64.46165 0.91725 1.90992	
 22.00000	34.16610 65.83390 0.92138 1.96650	
 23.00000	32.78780 67.21220 0.92609 2.02125	
 24.00000	31.40221 68.59779 0.93134 2.07422	
 25.00000	30.00817 69.99183 0.93712 2.12550	
 26.00000	28.60452 71.39548 0.94340 2.17514	
 27.00000	27.19016 72.80984 0.95015 2.22320	
 28.00000	25.76400 74.23600 0.95734 2.26972	
 29.00000	24.32496 75.67504 0.96496 2.31477	
 30.00000	22.87203 77.12797 0.97298 2.35837	
 31.00000	21.40415 78.59585 0.98137 2.40059	
 32.00000	19.92031 80.07969 0.99012 2.44144	
 33.00000	18.41949 81.58051 0.99920 2.48099	
 34.00000	16.90067 83.09933 1.00861 2.51925	
 35.00000	15.36284 84.63716 1.01832 2.55627	
 36.00000	13.80497 86.19503 1.02831 2.59208	
 37.00000	12.22602 87.77398 1.03858 2.62670	
 38.00000	10.62494 89.37506 1.04910 2.66017	
 39.00000	9.00066 90.99934 1.05987 2.69252	
 40.00000	7.35211 92.64789 1.07088 2.72377	
 41.00000	5.67814 94.32186 1.08211 2.75395	
 42.00000	3.97763 96.02237 1.09356 2.78308	
 43.00000	2.24938 97.75062 1.10521 2.81118	
 44.00000	0.49218 99.50782 1.11706 2.83829	
 45.00000	0.00000 100.00000 -9999.00000 2.89018	
 46.00000	0.00000 100.00000 -9999.00000 2.95176	
 47.00000	0.00000 100.00000 -9999.00000 3.01327	
 48.00000	0.00000 100.00000 -9999.00000 3.07472	
 49.00000	0.00000 100.00000 -9999.00000 3.13610	
 50.00000	0.00000 100.00000 -9999.00000 3.19742	
 51.00000	0.00000 100.00000 -9999.00000 3.25868	
 52.00000	0.00000 100.00000 -9999.00000 3.31989	
 53.00000	0.00000 100.00000 -9999.00000 3.38103	
 54.00000	0.00000 100.00000 -9999.00000 3.44212	
 55.00000	0.00000 100.00000 -9999.00000 3.50316	
 56.00000	0.00000 100.00000 -9999.00000 3.56414	
 57.00000	0.00000 100.00000 -9999.00000 3.62507	
 58.00000	0.00000 100.00000 -9999.00000 3.68595	
 59.00000	0.00000 100.00000 -9999.00000 3.74678	
 60.00000	0.00000 100.00000 -9999.00000 3.80756	


T=423.15000
 1.00000	68.64631 31.35369 0.98843 0.14749	
 2.00000	66.21282 33.78718 0.98082 0.27824	
 3.00000	64.37369 35.62631 0.97447 0.39992	
 4.00000	62.76276 37.23724 0.96902 0.51427	
 5.00000	61.27164 38.72836 0.96433 0.62233	
 6.00000	59.85358 40.14642 0.96032 0.72484	
 7.00000	58.48386 41.51614 0.95693 0.82236	
 8.00000	57.14765 42.85235 0.95413 0.91532	
 9.00000	55.83525 44.16475 0.95191 1.00412	
 10.00000	54.53986 45.46014 0.95023 1.08907	
 11.00000	53.25649 46.74351 0.94909 1.17045	
 12.00000	51.98129 48.01871 0.94846 1.24848	
 13.00000	50.71124 49.28876 0.94835 1.32339	
 14.00000	49.44382 50.55618 0.94874 1.39536	
 15.00000	48.17695 51.82305 0.94962 1.46455	
 16.00000	46.90879 53.09121 0.95098 1.53113	
 17.00000	45.63776 54.36224 0.95280 1.59522	
 18.00000	44.36241 55.63759 0.95508 1.65695	
 19.00000	43.08142 56.91858 0.95780 1.71643	
 20.00000	41.79357 58.20643 0.96096 1.77377	
 21.00000	40.49771 59.50229 0.96454 1.82905	
 22.00000	39.19273 60.80727 0.96852 1.88237	
 23.00000	37.87759 62.12241 0.97290 1.93380	
 24.00000	36.55127 63.44873 0.97767 1.98342	
 25.00000	35.21275 64.78725 0.98280 2.03131	
 26.00000	33.86107 66.13893 0.98830 2.07751	
 27.00000	32.49525 67.50475 0.99414 2.12209	
 28.00000	31.11432 68.88568 1.00031 2.16511	
 29.00000	29.71733 70.28267 1.00681 2.20662	
 30.00000	28.30330 71.69670 1.01362 2.24667	
 31.00000	26.87125 73.12875 1.02072 2.28530	
 32.00000	25.42020 74.57980 1.02811 2.32256	
 33.00000	23.94917 76.05083 1.03579 2.35849	
 34.00000	22.45712 77.54288 1.04373 2.39312	
 35.00000	20.94302 79.05698 1.05193 2.42650	
 36.00000	19.40580 80.59420 1.06037 2.45866	
 37.00000	17.84439 82.15561 1.06906 2.48963	
 38.00000	16.25764 83.74236 1.07799 2.51944	
 39.00000	14.64441 85.35559 1.08714 2.54812	
 40.00000	13.00350 86.99650 1.09651 2.57570	
 41.00000	11.33366 88.66634 1.10609 2.60221	
 42.00000	9.63360 90.36640 1.11588 2.62768	
 43.00000	7.90197 92.09803 1.12587 2.65212	
 44.00000	6.13735 93.86265 1.13605 2.67557	
 45.00000	4.33828 95.66172 1.14643 2.69804	
 46.00000	2.50321 97.49679 1.15700 2.71956	
 47.00000	0.63049 99.36951 1.16775 2.74014	
 48.00000	100.00000 0.00000 2.78334 -9999.00000	
 49.00000	100.00000 0.00000 2.83803 -9999.00000	
 50.00000	100.00000 0.00000 2.89266 -9999.00000	
 51.00000	0.00000 100.00000 -9999.00000 2.94722	
 52.00000	0.00000 100.00000 -9999.00000 3.00171	
 53.00000	0.00000 100.00000 -9999.00000 3.05615	
 54.00000	0.00000 100.00000 -9999.00000 3.11052	
 55.00000	0.00000 100.00000 -9999.00000 3.16483	
 56.00000	0.00000 100.00000 -9999.00000 3.21909	
 57.00000	0.00000 100.00000 -9999.00000 3.27329	
 58.00000	0.00000 100.00000 -9999.00000 3.32743	
 59.00000	0.00000 100.00000 -9999.00000 3.38152	
 60.00000	0.00000 100.00000 -9999.00000 3.43556	
